Disk A
10101000001110010111100001110101111011000100001000000001001011110010000110100111011011110111001010000010000100101001010101001100
11000011110001000010110011101110101110001001001101000000110101100110011011011111111111111000100101001111100000101010001011011101
10100111011101110000110101100001001001110010010011101001101001111000011100000001001101101001011001110010110110101101000000111001
11111000010110010010101000111011011101000011101111010111101000011010010110110100111111110001011010000101111000110000101111100111
11100010110001001011101100111001011010001100100001100100100011010101011100000101010010111110001111110010110101101011110100110000
01110110110111100100010001010100011110110111101011110000111000100111010000110101110111101000111101011100111100001010110001001011
10010001101011000010010011110001101110100100100011011001111111010101011111001111111010100011110100001000011110111100100001011100
00001010100000001010110011110111011110111110001110001101011100011101000111011111100010001110010000000000001010101100101000001101

Disk C
11100000100000001100001011110101001001111001011001000001101110000001110000000101010111010001111110110110101001101010101100011110
01010001111011100010111010101100010100111010100100011110000110101110000000001001000010110001000111100000101101100001000010100101
01011111010101111010110100110100010010010000001100001010000011110100010001111011100000110010001011010101110100111111111111110110
11111111100111111010001111101001000101101010000001100101100010101000111111010001110001000001010000010101011011000010011110010000
00011111101010110100100100011100101100010011010100001000110101101111110110010011101010101100101110110011011011011011001110110100
10101111001111001001110101000101100101101101101010101000001111000001110101101110010110110100000100000101011110100110010000011001
00011101111110110010000110110011110100000111100000000001111111010001101100010001010101010110101101100000100011100100010010011110
00000100011111001101100001110111111000010000100100100111101110000101011000001110001011100001001101000100110110110100100001101001
